mapred_mean = 152.72068718682894 pandas_mean = 152.7206871868289
mapred_var = 57672.84569843358 pandas_var = 57674.02524696099